11111111111111111111111
10101010101000101000001
11111111111111111111111
10101010101010101010001
11111111111111111111101
10101010101010101010101
11111111111111111111101
10101010101010101010101
11111111111111111111101
10101000101010101010101
11111111111111111111111
10101010101010101010001
11111111111111111111101
10101010101010101010101
11111111111111111111101
10101010101010101010101
11111111111111111111101
10101010101010101010001
11111111111111111111111
10101010101010101010001
10101010101111101011101
10001000100000001000101
11111111111111111111111
